Mar 19, 2022 3:24:04 AM com.client.CacheDownloader downloadCache
INFO: Cache version local=90, remote=90
Mar 19, 2022 3:24:05 AM com.client.definitions.server.ItemDef load
INFO: Loaded 14006 item definitions.
Mar 19, 2022 9:14:11 AM com.client.CacheDownloader downloadCache
INFO: Cache version local=90, remote=90
Mar 19, 2022 9:14:12 AM com.client.definitions.server.ItemDef load
INFO: Loaded 14006 item definitions.
[{"opcode":65,"length":156,"buffer":[24,-110,73,36,-110,73,36,-110,73,36,-1,-1,0,32,-128,0,0,32,-128,0,0,36,-128,0,13,24,91,27,0,36,-128,0,63,24,73,27,0,36,-128,0,45,24,85,27,0,36,-128,0,51,24,85,27,0,36,-128,0,41,24,79,27,0,36,-128,0,41,24,81,27,0,36,-128,0,41,24,77,27,0,36,-128,0,47,24,85,27,0,36,-128,0,49,24,85,27,0,36,-128,0,21,24,61,27,0,36,-128,0,33,24,63,27,0,36,-128,0,45,24,61,27,0,32,-128,0,0,32,-128,0,0,32,-128,0,0,32,-128,0,0,32,-128,0,0,32,-128,0,0,32,-128,0,0,32,-128,0,0,32,-128,0,0,32,-128,0]},{"opcode":81,"length":2,"buffer":[0,111]},{"opcode":65,"length":156,"buffer":[24,-110,73,36,-110,73,36,-110,73,36,-1,-1,0,32,-128,0,0,32,-128,0,0,36,-128,0,13,24,91,27,0,36,-128,0,63,24,73,27,0,36,-128,0,45,24,85,27,0,36,-128,0,51,24,85,27,0,36,-128,0,41,24,79,27,0,36,-128,0,41,24,81,27,0,36,-128,0,41,24,77,27,0,36,-128,0,47,24,85,27,0,36,-128,0,49,24,85,27,0,36,-128,0,21,24,61,27,0,36,-128,0,33,24,63,27,0,36,-128,0,45,24,61,27,0,32,-128,0,0,32,-128,0,0,32,-128,0,0,32,-128,0,0,32,-128,0,0,32,-128,0,0,32,-128,0,0,32,-128,0,0,32,-128,0,0,32,-128,0]},{"opcode":81,"length":2,"buffer":[0,111]},{"opcode":65,"length":157,"buffer":[24,-110,73,36,-110,73,36,-77,36,-110,79,-1,-64,0,32,-128,0,0,32,-128,0,0,36,-128,0,13,24,91,27,0,36,-128,0,63,24,73,27,0,36,-128,0,45,24,85,27,0,36,-128,0,51,24,85,27,0,36,-128,0,41,24,79,27,0,36,-128,0,41,24,81,27,0,36,-128,0,41,24,77,27,0,36,-128,0,47,24,85,27,0,36,-128,0,49,24,85,27,0,36,-128,0,21,24,61,27,0,36,-128,0,33,24,63,27,0,36,-128,0,45,24,61,27,0,32,-128,0,0,32,-128,0,0,32,-128,0,0,32,-128,0,0,32,-128,0,0,32,-128,0,0,32,-128,0,0,32,-128,0,0,32,-128,0,0,32,-128,0]},{"opcode":81,"length":2,"buffer":[0,111]},{"opcode":65,"length":157,"buffer":[24,-108,-28,-110,73,36,-110,73,36,-110,79,-1,-64,0,32,-128,0,0,32,-128,0,0,36,-128,0,13,24,91,27,0,36,-128,0,63,24,73,27,0,36,-128,0,45,24,85,27,0,36,-128,0,51,24,85,27,0,36,-128,0,41,24,79,27,0,36,-128,0,41,24,81,27,0,36,-128,0,41,24,77,27,0,36,-128,0,47,24,85,27,0,36,-128,0,49,24,85,27,0,36,-128,0,21,24,61,27,0,36,-128,0,33,24,63,27,0,36,-128,0,45,24,61,27,0,32,-128,0,0,32,-128,0,0,32,-128,0,0,32,-128,0,0,32,-128,0,0,32,-128,0,0,32,-128,0,0,32,-128,0,0,32,-128,0,0,32,-128,0]},{"opcode":81,"length":2,"buffer":[0,111]},{"opcode":65,"length":158,"buffer":[24,-73,36,-110,73,36,-110,73,94,73,46,-49,-1,-64,0,32,-128,0,0,32,-128,0,0,36,-128,0,13,24,91,27,0,36,-128,0,63,24,73,27,0,36,-128,0,45,24,85,27,0,36,-128,0,51,24,85,27,0,36,-128,0,41,24,79,27,0,36,-128,0,41,24,81,27,0,36,-128,0,41,24,77,27,0,36,-128,0,47,24,85,27,0,36,-128,0,49,24,85,27,0,36,-128,0,21,24,61,27,0,36,-128,0,33,24,63,27,0,36,-128,0,45,24,61,27,0,32,-128,0,0,32,-128,0,0,32,-128,0,0,32,-128,0,0,32,-128,0,0,32,-128,0,0,32,-128,0,0,32,-128,0,0,32,-128,0,0,32,-128,0]},{"opcode":97,"length":2,"buffer":[-59,-73]}]
java.lang.NullPointerException
	at com.client.Client.method60(Client.java:4414)
	at com.client.Client.parsePacket(Client.java:17275)
	at com.client.Client.mainGameProcessor(Client.java:4474)
	at com.client.Client.processGameLoop(Client.java:3589)
	at com.client.RSApplet.run(RSApplet.java:304)
	at com.client.Client.run(Client.java:6899)
	at java.lang.Thread.run(Thread.java:750)
Error: T2 - 97,65,81 - 2,3088,3490 - -59,-73,
Mar 19, 2022 10:16:11 AM com.client.CacheDownloader downloadCache
INFO: Cache version local=90, remote=90
