Mar 14, 2022 2:44:38 AM com.client.CacheDownloader downloadCache
INFO: Cache version local=90, remote=90
Mar 14, 2022 2:44:39 AM com.client.definitions.server.ItemDef load
INFO: Loaded 14006 item definitions.
Mar 14, 2022 2:49:20 AM com.client.CacheDownloader downloadCache
INFO: Cache version local=90, remote=90
Mar 14, 2022 2:49:21 AM com.client.definitions.server.ItemDef load
INFO: Loaded 14006 item definitions.
Mar 14, 2022 2:56:35 AM com.client.CacheDownloader downloadCache
INFO: Cache version local=90, remote=90
Mar 14, 2022 2:56:36 AM com.client.definitions.server.ItemDef load
INFO: Loaded 14006 item definitions.
Mar 14, 2022 2:58:02 AM com.client.CacheDownloader downloadCache
INFO: Cache version local=90, remote=90
Mar 14, 2022 2:58:04 AM com.client.definitions.server.ItemDef load
INFO: Loaded 14006 item definitions.
Mar 14, 2022 3:00:54 AM com.client.CacheDownloader downloadCache
INFO: Cache version local=90, remote=90
Mar 14, 2022 3:00:55 AM com.client.definitions.server.ItemDef load
INFO: Loaded 14006 item definitions.
Mar 14, 2022 3:03:00 AM com.client.CacheDownloader downloadCache
INFO: Cache version local=90, remote=90
Mar 14, 2022 3:03:01 AM com.client.definitions.server.ItemDef load
INFO: Loaded 14006 item definitions.
Mar 14, 2022 3:05:54 AM com.client.CacheDownloader downloadCache
INFO: Cache version local=90, remote=90
Mar 14, 2022 3:05:55 AM com.client.definitions.server.ItemDef load
INFO: Loaded 14006 item definitions.
Mar 14, 2022 3:08:15 AM com.client.CacheDownloader downloadCache
INFO: Cache version local=90, remote=90
Mar 14, 2022 3:08:15 AM com.client.definitions.server.ItemDef load
INFO: Loaded 14006 item definitions.
[{"opcode":65,"length":205,"buffer":[26,-110,73,36,-110,73,36,-110,73,36,-109,-1,-1,0,32,-128,0,0,36,-128,0,21,24,99,27,0,36,-128,0,13,24,91,27,0,36,-128,0,63,24,73,27,0,36,-128,0,23,24,109,27,0,36,-128,0,21,24,109,27,0,36,-128,0,13,24,109,27,0,36,-128,0,45,24,85,27,0,36,-128,0,51,24,85,27,0,36,-128,0,41,24,79,27,0,36,-128,0,41,24,81,27,0,36,-128,0,41,24,77,27,0,36,-128,0,47,24,85,27,0,36,-128,0,49,24,85,27,0,36,-128,0,11,24,109,27,0,32,-128,0,0,36,-128,0,19,24,109,27,0,36,-128,0,15,24,109,27,0,36,-128,0,39,24,99,27,0,36,-128,0,41,24,99,27,0,36,-128,0,15,24,99,27,0,36,-128,0,17,24,109,27,0,32,-128,0,0,36,-128,0,23,24,99,27,0,36,-128,0,13,24,99,27,0,32,-128,0]},{"opcode":81,"length":2,"buffer":[0,116]},{"opcode":65,"length":205,"buffer":[26,-110,73,36,-110,73,37,25,36,-110,73,63,-1,0,32,-128,0,0,36,-128,0,21,24,99,27,0,36,-128,0,13,24,91,27,0,36,-128,0,63,24,73,27,0,36,-128,0,23,24,109,27,0,36,-128,0,21,24,109,27,0,36,-128,0,13,24,109,27,0,36,-128,0,45,24,85,27,0,36,-128,0,51,24,85,27,0,36,-128,0,41,24,79,27,0,36,-128,0,41,24,81,27,0,36,-128,0,41,24,77,27,0,36,-128,0,47,24,85,27,0,36,-128,0,49,24,85,27,0,36,-128,0,11,24,109,27,0,32,-128,0,0,36,-128,0,19,24,109,27,0,36,-128,0,15,24,109,27,0,36,-128,0,39,24,99,27,0,36,-128,0,41,24,99,27,0,36,-128,0,15,24,99,27,0,36,-128,0,17,24,109,27,0,32,-128,0,0,36,-128,0,23,24,99,27,0,36,-128,0,13,24,99,27,0,32,-128,0]},{"opcode":81,"length":2,"buffer":[0,116]},{"opcode":65,"length":205,"buffer":[26,-110,73,36,-110,73,36,-110,73,36,-109,-1,-1,0,32,-128,0,0,36,-128,0,21,24,99,27,0,36,-128,0,13,24,91,27,0,36,-128,0,63,24,73,27,0,36,-128,0,23,24,109,27,0,36,-128,0,21,24,109,27,0,36,-128,0,13,24,109,27,0,36,-128,0,45,24,85,27,0,36,-128,0,51,24,85,27,0,36,-128,0,41,24,79,27,0,36,-128,0,41,24,81,27,0,36,-128,0,41,24,77,27,0,36,-128,0,47,24,85,27,0,36,-128,0,49,24,85,27,0,36,-128,0,11,24,109,27,0,32,-128,0,0,36,-128,0,19,24,109,27,0,36,-128,0,15,24,109,27,0,36,-128,0,39,24,99,27,0,36,-128,0,41,24,99,27,0,36,-128,0,15,24,99,27,0,36,-128,0,17,24,109,27,0,32,-128,0,0,36,-128,0,23,24,99,27,0,36,-128,0,13,24,99,27,0,32,-128,0]},{"opcode":81,"length":2,"buffer":[0,116]},{"opcode":65,"length":206,"buffer":[26,-69,36,-110,73,36,-110,87,-110,73,36,-109,-1,-16,0,32,-128,0,0,36,-128,0,21,24,99,27,0,36,-128,0,13,24,91,27,0,36,-128,0,63,24,73,27,0,36,-128,0,23,24,109,27,0,36,-128,0,21,24,109,27,0,36,-128,0,13,24,109,27,0,36,-128,0,45,24,85,27,0,36,-128,0,51,24,85,27,0,36,-128,0,41,24,79,27,0,36,-128,0,41,24,81,27,0,36,-128,0,41,24,77,27,0,36,-128,0,47,24,85,27,0,36,-128,0,49,24,85,27,0,36,-128,0,11,24,109,27,0,32,-128,0,0,36,-128,0,19,24,109,27,0,36,-128,0,15,24,109,27,0,36,-128,0,39,24,99,27,0,36,-128,0,41,24,99,27,0,36,-128,0,15,24,99,27,0,36,-128,0,17,24,109,27,0,32,-128,0,0,36,-128,0,23,24,99,27,0,36,-128,0,13,24,99,27,0,32,-128,0]},{"opcode":81,"length":2,"buffer":[0,116]},{"opcode":65,"length":205,"buffer":[26,-110,73,36,-110,73,36,-110,73,36,-109,-1,-1,0,32,-128,0,0,36,-128,0,21,24,99,27,0,36,-128,0,13,24,91,27,0,36,-128,0,63,24,73,27,0,36,-128,0,23,24,109,27,0,36,-128,0,21,24,109,27,0,36,-128,0,13,24,109,27,0,36,-128,0,45,24,85,27,0,36,-128,0,51,24,85,27,0,36,-128,0,41,24,79,27,0,36,-128,0,41,24,81,27,0,36,-128,0,41,24,77,27,0,36,-128,0,47,24,85,27,0,36,-128,0,49,24,85,27,0,36,-128,0,11,24,109,27,0,32,-128,0,0,36,-128,0,19,24,109,27,0,36,-128,0,15,24,109,27,0,36,-128,0,39,24,99,27,0,36,-128,0,41,24,99,27,0,36,-128,0,15,24,99,27,0,36,-128,0,17,24,109,27,0,32,-128,0,0,36,-128,0,23,24,99,27,0,36,-128,0,13,24,99,27,0,32,-128,0]},{"opcode":97,"length":2,"buffer":[-60,-119]}]
java.lang.NullPointerException
	at com.client.Client.method60(Client.java:4413)
	at com.client.Client.parsePacket(Client.java:17273)
	at com.client.Client.mainGameProcessor(Client.java:4473)
	at com.client.Client.processGameLoop(Client.java:3588)
	at com.client.RSApplet.run(RSApplet.java:304)
	at com.client.Client.run(Client.java:6898)
	at java.lang.Thread.run(Thread.java:750)
Error: T2 - 97,65,81 - 2,3091,3508 - -60,-119,
Mar 14, 2022 3:19:16 AM com.client.CacheDownloader downloadCache
INFO: Cache version local=90, remote=90
Mar 14, 2022 3:19:17 AM com.client.definitions.server.ItemDef load
INFO: Loaded 14006 item definitions.
[{"opcode":134,"length":6,"buffer":[15,-29,-64,0,-58,99]},{"opcode":134,"length":6,"buffer":[16,-29,-64,0,-58,99]},{"opcode":134,"length":6,"buffer":[17,-80,32,0,-57,99]},{"opcode":134,"length":6,"buffer":[18,-29,-64,0,-58,99]},{"opcode":134,"length":6,"buffer":[19,-29,-64,0,-58,99]},{"opcode":134,"length":6,"buffer":[20,-29,-64,0,-58,99]},{"opcode":134,"length":6,"buffer":[22,-29,-64,0,-58,99]},{"opcode":134,"length":6,"buffer":[23,0,1,0,0,1]},{"opcode":134,"length":6,"buffer":[24,0,1,0,0,1]},{"opcode":97,"length":2,"buffer":[-59,-73]}]
java.lang.NullPointerException
	at com.client.Client.method60(Client.java:4413)
	at com.client.Client.parsePacket(Client.java:17273)
	at com.client.Client.mainGameProcessor(Client.java:4473)
	at com.client.Client.processGameLoop(Client.java:3588)
	at com.client.RSApplet.run(RSApplet.java:304)
	at com.client.Client.run(Client.java:6898)
	at java.lang.Thread.run(Thread.java:750)
Error: T2 - 97,134,134 - 2,3088,3494 - -59,-73,
Mar 14, 2022 3:35:13 AM com.client.CacheDownloader downloadCache
INFO: Cache version local=90, remote=90
Mar 14, 2022 3:35:14 AM com.client.definitions.server.ItemDef load
INFO: Loaded 14006 item definitions.
[{"opcode":65,"length":217,"buffer":[27,-110,73,36,-110,73,36,-110,73,36,-110,127,-1,0,32,-128,0,0,32,-128,0,0,36,-128,0,21,24,99,27,0,36,-128,0,13,24,91,27,0,36,-128,0,45,24,85,27,0,36,-128,0,51,24,85,27,0,36,-128,0,41,24,79,27,0,36,-128,0,41,24,81,27,0,36,-128,0,41,24,77,27,0,36,-128,0,47,24,85,27,0,36,-128,0,49,24,85,27,0,36,-128,0,21,24,61,27,0,36,-128,0,33,24,63,27,0,36,-128,0,39,24,99,27,0,36,-128,0,41,24,99,27,0,36,-128,0,15,24,99,27,0,36,-128,0,45,24,61,27,0,36,-128,0,23,24,99,27,0,36,-128,0,13,24,99,27,0,32,-128,0,0,36,-128,0,23,24,109,27,0,36,-128,0,21,24,109,27,0,36,-128,0,13,24,109,27,0,36,-128,0,11,24,109,27,0,36,-128,0,19,24,109,27,0,36,-128,0,15,24,109,27,0,36,-128,0,17,24,109,27]},{"opcode":81,"length":2,"buffer":[0,116]},{"opcode":65,"length":217,"buffer":[27,-110,73,36,-110,73,36,-110,73,36,-110,127,-1,0,32,-128,0,0,32,-128,0,0,36,-128,0,21,24,99,27,0,36,-128,0,13,24,91,27,0,36,-128,0,45,24,85,27,0,36,-128,0,51,24,85,27,0,36,-128,0,41,24,79,27,0,36,-128,0,41,24,81,27,0,36,-128,0,41,24,77,27,0,36,-128,0,47,24,85,27,0,36,-128,0,49,24,85,27,0,36,-128,0,21,24,61,27,0,36,-128,0,33,24,63,27,0,36,-128,0,39,24,99,27,0,36,-128,0,41,24,99,27,0,36,-128,0,15,24,99,27,0,36,-128,0,45,24,61,27,0,36,-128,0,23,24,99,27,0,36,-128,0,13,24,99,27,0,32,-128,0,0,36,-128,0,23,24,109,27,0,36,-128,0,21,24,109,27,0,36,-128,0,13,24,109,27,0,36,-128,0,11,24,109,27,0,36,-128,0,19,24,109,27,0,36,-128,0,15,24,109,27,0,36,-128,0,17,24,109,27]},{"opcode":81,"length":2,"buffer":[0,116]},{"opcode":65,"length":218,"buffer":[27,-110,73,36,-110,73,36,-110,91,-110,73,39,-1,-32,0,32,-128,0,0,32,-128,0,0,36,-128,0,21,24,99,27,0,36,-128,0,13,24,91,27,0,36,-128,0,45,24,85,27,0,36,-128,0,51,24,85,27,0,36,-128,0,41,24,79,27,0,36,-128,0,41,24,81,27,0,36,-128,0,41,24,77,27,0,36,-128,0,47,24,85,27,0,36,-128,0,49,24,85,27,0,36,-128,0,21,24,61,27,0,36,-128,0,33,24,63,27,0,36,-128,0,39,24,99,27,0,36,-128,0,41,24,99,27,0,36,-128,0,15,24,99,27,0,36,-128,0,45,24,61,27,0,36,-128,0,23,24,99,27,0,36,-128,0,13,24,99,27,0,32,-128,0,0,36,-128,0,23,24,109,27,0,36,-128,0,21,24,109,27,0,36,-128,0,13,24,109,27,0,36,-128,0,11,24,109,27,0,36,-128,0,19,24,109,27,0,36,-128,0,15,24,109,27,0,36,-128,0,17,24,109,27]},{"opcode":81,"length":2,"buffer":[0,116]},{"opcode":65,"length":218,"buffer":[27,-65,36,-110,73,36,-110,73,36,-110,73,39,-1,-32,0,32,-128,0,0,32,-128,0,0,36,-128,0,21,24,99,27,0,36,-128,0,13,24,91,27,0,36,-128,0,45,24,85,27,0,36,-128,0,51,24,85,27,0,36,-128,0,41,24,79,27,0,36,-128,0,41,24,81,27,0,36,-128,0,41,24,77,27,0,36,-128,0,47,24,85,27,0,36,-128,0,49,24,85,27,0,36,-128,0,21,24,61,27,0,36,-128,0,33,24,63,27,0,36,-128,0,39,24,99,27,0,36,-128,0,41,24,99,27,0,36,-128,0,15,24,99,27,0,36,-128,0,45,24,61,27,0,36,-128,0,23,24,99,27,0,36,-128,0,13,24,99,27,0,32,-128,0,0,36,-128,0,23,24,109,27,0,36,-128,0,21,24,109,27,0,36,-128,0,13,24,109,27,0,36,-128,0,11,24,109,27,0,36,-128,0,19,24,109,27,0,36,-128,0,15,24,109,27,0,36,-128,0,17,24,109,27]},{"opcode":81,"length":2,"buffer":[0,116]},{"opcode":65,"length":217,"buffer":[27,-110,73,36,-110,73,36,-110,73,36,-110,127,-1,0,32,-128,0,0,32,-128,0,0,36,-128,0,21,24,99,27,0,36,-128,0,13,24,91,27,0,36,-128,0,45,24,85,27,0,36,-128,0,51,24,85,27,0,36,-128,0,41,24,79,27,0,36,-128,0,41,24,81,27,0,36,-128,0,41,24,77,27,0,36,-128,0,47,24,85,27,0,36,-128,0,49,24,85,27,0,36,-128,0,21,24,61,27,0,36,-128,0,33,24,63,27,0,36,-128,0,39,24,99,27,0,36,-128,0,41,24,99,27,0,36,-128,0,15,24,99,27,0,36,-128,0,45,24,61,27,0,36,-128,0,23,24,99,27,0,36,-128,0,13,24,99,27,0,32,-128,0,0,36,-128,0,23,24,109,27,0,36,-128,0,21,24,109,27,0,36,-128,0,13,24,109,27,0,36,-128,0,11,24,109,27,0,36,-128,0,19,24,109,27,0,36,-128,0,15,24,109,27,0,36,-128,0,17,24,109,27]},{"opcode":97,"length":2,"buffer":[75,-114]}]
java.lang.NullPointerException
	at com.client.Client.method60(Client.java:4413)
	at com.client.Client.parsePacket(Client.java:17273)
	at com.client.Client.mainGameProcessor(Client.java:4473)
	at com.client.Client.processGameLoop(Client.java:3588)
	at com.client.RSApplet.run(RSApplet.java:304)
	at com.client.Client.run(Client.java:6898)
	at java.lang.Thread.run(Thread.java:750)
Error: T2 - 97,65,81 - 2,3085,3499 - 75,-114,
Mar 14, 2022 3:56:12 AM com.client.CacheDownloader downloadCache
INFO: Cache version local=90, remote=90
Mar 14, 2022 3:56:13 AM com.client.definitions.server.ItemDef load
INFO: Loaded 14006 item definitions.
[{"opcode":13,"length":50,"buffer":[115,115,115,105,10,97,99,104,105,101,118,101,109,101,110,116,115,0,84,111,98,32,67,104,97,109,112,105,111,110,0,91,10,32,32,34,51,47,53,48,34,10,93,0,0,0,0,0,0,2]},{"opcode":13,"length":51,"buffer":[115,115,115,105,10,97,99,104,105,101,118,101,109,101,110,116,115,0,67,111,120,32,67,104,97,109,112,105,111,110,0,91,10,32,32,34,48,47,49,48,48,34,10,93,0,0,0,0,0,0,2]},{"opcode":13,"length":62,"buffer":[115,115,115,105,10,97,99,104,105,101,118,101,109,101,110,116,115,0,70,105,114,101,32,79,102,32,69,120,99,104,97,110,103,101,0,91,10,32,32,34,50,53,55,48,48,47,49,53,48,48,48,48,34,10,93,0,0,0,0,0,0,2]},{"opcode":13,"length":49,"buffer":[115,115,115,105,10,97,99,104,105,101,118,101,109,101,110,116,115,0,87,105,108,100,121,32,69,118,101,110,116,0,91,10,32,32,34,48,47,49,53,34,10,93,0,0,0,0,0,0,2]},{"opcode":13,"length":50,"buffer":[115,115,115,105,10,97,99,104,105,101,118,101,109,101,110,116,115,0,77,97,103,101,32,65,114,101,110,97,32,73,73,0,91,10,32,32,34,48,47,49,34,10,93,0,0,0,0,0,0,2]},{"opcode":13,"length":40,"buffer":[115,115,115,105,10,97,99,104,105,101,118,101,109,101,110,116,115,0,77,97,120,0,91,10,32,32,34,49,47,49,34,10,93,0,0,0,0,1,0,2]},{"opcode":13,"length":19,"buffer":[115,115,10,100,105,97,114,105,101,115,0,114,101,115,101,116,0,0,1]},{"opcode":13,"length":2318,"buffer":[115,115,10,100,105,97,114,105,101,115,0,91,10,32,32,123,10,32,32,32,32,34,116,105,116,108,101,34,58,32,34,86,97,114,114,111,99,107,34,44,10,32,32,32,32,34,100,101,115,99,114,105,112,116,105,111,110,34,58,32,34,34,44,10,32,32,32,32,34,99,108,97,105,109,101,100,34,58,32,102,97,108,115,101,44,10,32,32,32,32,34,116,97,115,107,68,105,102,102,105,99,117,108,116,121,34,58,32,34,78,79,78,69,34,44,10,32,32,32,32,34,101,120,116,114,97,82,101,119,97,114,100,115,34,58,32,34,34,44,10,32,32,32,32,34,112,114,111,103,114,101,115,115,34,58,32,91,10,32,32,32,32,32,32,34,48,47,57,34,44,10,32,32,32,32,32,32,34,48,47,54,34,44,10,32,32,32,32,32,32,34,48,47,52,34,44,10,32,32,32,32,32,32,34,48,47,51,34,10,32,32,32,32,93,10,32,32,125,44,10,32,32,123,10,32,32,32,32,34,116,105,116,108,101,34,58,32,34,65,114,100,111,117,103,110,101,34,44,10,32,32,32,32,34,100,101,115,99,114,105,112,116,105,111,110,34,58,32,34,34,44,10,32,32,32,32,34,99,108,97,105,109,101,100,34,58,32,102,97,108,115,101,44,10,32,32,32,32,34,116,97,115,107,68,105,102,102,105,99,117,108,116,121,34,58,32,34,78,79,78,69,34,44,10,32,32,32,32,34,101,120,116,114,97,82,101,119,97,114,100,115,34,58,32,34,34,44,10,32,32,32,32,34,112,114,111,103,114,101,115,115,34,58,32,91,10,32,32,32,32,32,32,34,48,47,52,34,44,10,32,32,32,32,32,32,34,48,47,52,34,44,10,32,32,32,32,32,32,34,48,47,52,34,44,10,32,32,32,32,32,32,34,48,47,51,34,10,32,32,32,32,93,10,32,32,125,44,10,32,32,123,10,32,32,32,32,34,116,105,116,108,101,34,58,32,34,68,101,115,101,114,116,34,44,10,32,32,32,32,34,100,101,115,99,114,105,112,116,105,111,110,34,58,32,34,34,44,10,32,32,32,32,34,99,108,97,105,109,101,100,34,58,32,102,97,108,115,101,44,10,32,32,32,32,34,116,97,115,107,68,105,102,102,105,99,117,108,116,121,34,58,32,34,78,79,78,69,34,44,10,32,32,32,32,34,101,120,116,114,97,82,101,119,97,114,100,115,34,58,32,34,34,44,10,32,32,32,32,34,112,114,111,103,114,101,115,115,34,58,32,91,10,32,32,32,32,32,32,34,48,47,53,34,44,10,32,32,32,32,32,32,34,48,47,55,34,44,10,32,32,32,32,32,32,34,48,47,50,34,44,10,32,32,32,32,32,32,34,48,47,49,34,10,32,32,32,32,93,10,32,32,125,44,10,32,32,123,10,32,32,32,32,34,116,105,116,108,101,34,58,32,34,70,97,108,97,100,111,114,34,44,10,32,32,32,32,34,100,101,115,99,114,105,112,116,105,111,110,34,58,32,34,34,44,10,32,32,32,32,34,99,108,97,105,109,101,100,34,58,32,102,97,108,115,101,44,10,32,32,32,32,34,116,97,115,107,68,105,102,102,105,99,117,108,116,121,34,58,32,34,78,79,78,69,34,44,10,32,32,32,32,34,101,120,116,114,97,82,101,119,97,114,100,115,34,58,32,34,34,44,10,32,32,32,32,34,112,114,111,103,114,101,115,115,34,58,32,91,10,32,32,32,32,32,32,34,49,47,55,34,44,10,32,32,32,32,32,32,34,48,47,54,34,44,10,32,32,32,32,32,32,34,48,47,51,34,44,10,32,32,32,32,32,32,34,48,47,51,34,10,32,32,32,32,93,10,32,32,125,44,10,32,32,123,10,32,32,32,32,34,116,105,116,108,101,34,58,32,34,70,114,101,109,101,110,110,105,107,34,44,10,32,32,32,32,34,100,101,115,99,114,105,112,116,105,111,110,34,58,32,34,34,44,10,32,32,32,32,34,99,108,97,105,109,101,100,34,58,32,102,97,108,115,101,44,10,32,32,32,32,34,116,97,115,107,68,105,102,102,105,99,117,108,116,121,34,58,32,34,78,79,78,69,34,44,10,32,32,32,32,34,101,120,116,114,97,82,101,119,97,114,100,115,34,58,32,34,34,44,10,32,32,32,32,34,112,114,111,103,114,101,115,115,34,58,32,91,10,32,32,32,32,32,32,34,49,47,53,34,44,10,32,32,32,32,32,32,34,49,47,51,34,44,10,32,32,32,32,32,32,34,48,47,52,34,44,10,32,32,32,32,32,32,34,48,47,52,34,10,32,32,32,32,93,10,32,32,125,44,10,32,32,123,10,32,32,32,32,34,116,105,116,108,101,34,58,32,34,75,97,110,100,97,114,105,110,34,44,10,32,32,32,32,34,100,101,115,99,114,105,112,116,105,111,110,34,58,32,34,34,44,10,32,32,32,32,34,99,108,97,105,109,101,100,34,58,32,102,97,108,115,101,44,10,32,32,32,32,34,116,97,115,107,68,105,102,102,105,99,117,108,116,121,34,58,32,34,78,79,78,69,34,44,10,32,32,32,32,34,101,120,116,114,97,82,101,119,97,114,100,115,34,58,32,34,34,44,10,32,32,32,32,34,112,114,111,103,114,101,115,115,34,58,32,91,10,32,32,32,32,32,32,34,48,47,52,34,44,10,32,32,32,32,32,32,34,48,47,53,34,44,10,32,32,32,32,32,32,34,48,47,52,34,44,10,32,32,32,32,32,32,34,48,47,50,34,10,32,32,32,32,93,10,32,32,125,44,10,32,32,123,10,32,32,32,32,34,116,105,116,108,101,34,58,32,34,75,97,114,97,109,106,97,34,44,10,32,32,32,32,34,100,101,115,99,114,105,112,116,105,111,110,34,58,32,34,34,44,10,32,32,32,32,34,99,108,97,105,109,101,100,34,58,32,102,97,108,115,101,44,10,32,32,32,32,34,116,97,115,107,68,105,102,102,105,99,117,108,116,121,34,58,32,34,78,79,78,69,34,44,10,32,32,32,32,34,101,120,116,114,97,82,101,119,97,114,100,115,34,58,32,34,34,44,10,32,32,32,32,34,112,114,111,103,114,101,115,115,34,58,32,91,10,32,32,32,32,32,32,34,48,47,52,34,44,10,32,32,32,32,32,32,34,48,47,51,34,44,10,32,32,32,32,32,32,34,48,47,51,34,44,10,32,32,32,32,32,32,34,48,47,51,34,10,32,32,32,32,93,10,32,32,125,44,10,32,32,123,10,32,32,32,32,34,116,105,116,108,101,34,58,32,34,76,117,109,98,114,105,100,103,101,32,92,117,48,48,50,54,32,68,114,97,121,110,111,114,34,44,10,32,32,32,32,34,100,101,115,99,114,105,112,116,105,111,110,34,58,32,34,34,44,10,32,32,32,32,34,99,108,97,105,109,101,100,34,58,32,102,97,108,115,101,44,10,32,32,32,32,34,116,97,115,107,68,105,102,102,105,99,117,108,116,121,34,58,32,34,78,79,78,69,34,44,10,32,32,32,32,34,101,120,116,114,97,82,101,119,97,114,100,115,34,58,32,34,34,44,10,32,32,32,32,34,112,114,111,103,114,101,115,115,34,58,32,91,10,32,32,32,32,32,32,34,48,47,55,34,44,10,32,32,32,32,32,32,34,48,47,53,34,44,10,32,32,32,32,32,32,34,48,47,51,34,44,10,32,32,32,32,32,32,34,48,47,51,34,10,32,32,32,32,93,10,32,32,125,44,10,32,32,123,10,32,32,32,32,34,116,105,116,108,101,34,58,32,34,77,111,114,121,116,97,110,105,97,34,44,10,32,32,32,32,34,100,101,115,99,114,105,112,116,105,111,110,34,58,32,34,34,44,10,32,32,32,32,34,99,108,97,105,109,101,100,34,58,32,102,97,108,115,101,44,10,32,32,32,32,34,116,97,115,107,68,105,102,102,105,99,117,108,116,121,34,58,32,34,78,79,78,69,34,44,10,32,32,32,32,34,101,120,116,114,97,82,101,119,97,114,100,115,34,58,32,34,34,44,10,32,32,32,32,34,112,114,111,103,114,101,115,115,34,58,32,91,10,32,32,32,32,32,32,34,48,47,51,34,44,10,32,32,32,32,32,32,34,48,47,50,34,44,10,32,32,32,32,32,32,34,48,47,51,34,44,10,32,32,32,32,32,32,34,48,47,50,34,10,32,32,32,32,93,10,32,32,125,44,10,32,32,123,10,32,32,32,32,34,116,105,116,108,101,34,58,32,34,87,101,115,116,101,114,110,34,44,10,32,32,32,32,34,100,101,115,99,114,105,112,116,105,111,110,34,58,32,34,34,44,10,32,32,32,32,34,99,108,97,105,109,101,100,34,58,32,102,97,108,115,101,44,10,32,32,32,32,34,116,97,115,107,68,105,102,102,105,99,117,108,116,121,34,58,32,34,78,79,78,69,34,44,10,32,32,32,32,34,101,120,116,114,97,82,101,119,97,114,100,115,34,58,32,34,34,44,10,32,32,32,32,34,112,114,111,103,114,101,115,115,34,58,32,91,10,32,32,32,32,32,32,34,49,47,52,34,44,10,32,32,32,32,32,32,34,48,47,52,34,44,10,32,32,32,32,32,32,34,48,47,52,34,44,10,32,32,32,32,32,32,34,49,47,51,34,10,32,32,32,32,93,10,32,32,125,44,10,32,32,123,10,32,32,32,32,34,116,105,116,108,101,34,58,32,34,87,105,108,100,101,114,110,101,115,115,34,44,10,32,32,32,32,34,100,101,115,99,114,105,112,116,105,111,110,34,58,32,34,34,44,10,32,32,32,32,34,99,108,97,105,109,101,100,34,58,32,102,97,108,115,101,44,10,32,32,32,32,34,116,97,115,107,68,105,102,102,105,99,117,108,116,121,34,58,32,34,78,79,78,69,34,44,10,32,32,32,32,34,101,120,116,114,97,82,101,119,97,114,100,115,34,58,32,34,34,44,10,32,32,32,32,34,112,114,111,103,114,101,115,115,34,58,32,91,10,32,32,32,32,32,32,34,49,47,56,34,44,10,32,32,32,32,32,32,34,48,47,55,34,44,10,32,32,32,32,32,32,34,49,47,56,34,44,10,32,32,32,32,32,32,34,48,47,55,34,10,32,32,32,32,93,10,32,32,125,10,93,0,0,1]},{"opcode":13,"length":18,"buffer":[115,115,10,100,105,97,114,105,101,115,0,100,114,97,119,0,0,1]},{"opcode":36,"length":3,"buffer":[75,5,2]}]
java.lang.ArrayIndexOutOfBoundsException: 2
	at com.client.graphics.interfaces.impl.QuestTab$Button.getPlaceholderInterface(QuestTab.java:51)
	at com.client.graphics.interfaces.impl.QuestTab.setContainer(QuestTab.java:81)
	at com.client.graphics.interfaces.impl.QuestTab.onConfigChanged(QuestTab.java:71)
	at com.client.Client.parsePacket(Client.java:17348)
	at com.client.Client.mainGameProcessor(Client.java:4473)
	at com.client.Client.processGameLoop(Client.java:3588)
	at com.client.RSApplet.run(RSApplet.java:304)
	at com.client.Client.run(Client.java:6898)
	at java.lang.Thread.run(Thread.java:750)
Error: T2 - 36,13,13 - 3,3085,3499 - 75,5,2,
